0.0
0.016666666666666666
0.03333333333333333
0.05
0.06666666666666667
0.08333333333333334
0.1
0.11666666666666667
0.13333333333333333
0.15000000000000002
0.16666666666666669
0.18333333333333335
0.2
0.21666666666666667
0.23333333333333334
0.25
0.26666666666666666
0.2833333333333333
0.3
0.31666666666666665
0.3333333333333333
0.35
0.3666666666666667
0.38333333333333336
0.4
0.4166666666666667
0.43333333333333335
0.45
0.4666666666666667
0.475
0.48333333333333334
0.4916666666666667
0.5
0.5083333333333333
0.5166666666666666
0.5249999999999999
0.5333333333333333
0.55
0.5666666666666667
0.5833333333333333
0.6
0.6083333333333334
0.6166666666666667
0.625
0.6333333333333333
0.6416666666666666
0.6499999999999999
0.6583333333333332
0.6666666666666666
0.6833333333333333
0.7
0.7166666666666666
0.7333333333333333
0.7416666666666667
0.75
0.7583333333333333
0.7666666666666666
0.7749999999999999
0.7833333333333333
0.7916666666666667
0.8
0.8083333333333333
0.8166666666666667
0.825
0.8333333333333334
0.8416666666666668
0.8500000000000001
0.8583333333333334
0.8666666666666667
0.875
0.8833333333333333
0.8916666666666666
0.9
0.9083333333333334
0.9166666666666667
0.925
0.9333333333333333
0.9416666666666667
0.95
0.9583333333333333
0.9666666666666667
0.9750000000000001
0.9833333333333334
0.9916666666666667
1.0
1.0041666666666667
1.0083333333333333
1.0125
1.0166666666666666
1.0208333333333333
1.025
1.0291666666666666
1.0333333333333332
1.0374999999999999
1.0416666666666665
1.0458333333333332
1.0499999999999998
1.0541666666666665
1.0583333333333331
1.0625
1.0666666666666667
1.0708333333333333
1.0750000000000002
1.0791666666666668
1.0833333333333335
1.0875000000000001
1.0916666666666668
1.0958333333333334
1.1
1.1041666666666667
1.1083333333333334
1.1125
1.1166666666666667
1.1208333333333333
1.125
1.1291666666666667
1.1333333333333333
1.1375
1.1416666666666666
1.1458333333333333
1.15
1.1541666666666666
1.1583333333333332
1.1624999999999999
1.1666666666666665
1.1708333333333332
1.1749999999999998
1.1791666666666665
1.1833333333333331
1.1874999999999998
1.1916666666666664
1.1958333333333333
1.2
1.2041666666666666
1.2083333333333335
1.2125000000000001
1.2166666666666668
1.2208333333333334
1.225
1.2291666666666667
1.2333333333333334
1.2375
1.2416666666666667
1.2458333333333333
1.25
1.2541666666666667
1.2583333333333333
1.2625
1.2666666666666666
1.2708333333333333
1.275
1.2791666666666666
1.2833333333333332
1.2874999999999999
1.2916666666666665
1.2958333333333332
1.2999999999999998
1.3041666666666665
1.3083333333333331
1.3124999999999998
1.3166666666666664
1.320833333333333
1.3249999999999997
1.3291666666666666
1.3333333333333333
1.3375
1.3416666666666668
1.3458333333333334
1.35
1.3541666666666667
1.3583333333333334
1.3625
1.3666666666666667
1.3708333333333333
1.375
1.3791666666666667
1.3833333333333333
1.3875
1.3916666666666666
1.3958333333333333
1.4
1.4041666666666666
1.4083333333333332
1.4124999999999999
1.4166666666666665
1.4208333333333332
1.4249999999999998
1.4291666666666665
1.4333333333333331
1.4374999999999998
1.4416666666666664
1.445833333333333
1.4499999999999997
1.4541666666666664
1.458333333333333
1.4625
1.4666666666666666
1.4708333333333332
1.475
1.4791666666666667
1.4833333333333334
1.4875
1.4916666666666667
1.4958333333333333
1.5
1.5041666666666667
1.5083333333333333
1.5125
1.5166666666666666
1.5208333333333333
1.525
1.5291666666666668
1.5333333333333334
1.541666666666667
1.5500000000000003
1.5583333333333336
1.5666666666666669
1.5750000000000002
1.5833333333333335
1.5916666666666668
1.6
1.6041666666666667
1.6083333333333334
1.6125
1.6166666666666667
1.6208333333333333
1.625
1.6291666666666667
1.6333333333333333
1.6375
1.6416666666666666
1.6458333333333333
1.65
1.6541666666666666
1.6583333333333332
1.6625
